"x"
16.1464219827168
3.62462374987863
2.77632776843383
5150
5146.33061462278
5148.11127293912
5148.91406932712
5138.64025633557
5146.46266627828
5149.09165938441
5135.54995630644
5144.23196426838
5149.00009709681
5148.08088163899
-4.90717140576755
5149.11457423051
5149.07641518594
5150
5149.57432760462
5148.70492280804
5145.70589377609
5148.74715991844
5148.67637634722
5146.5387901738
5148.48470725313
5150
2.07592883120691
5148.56238469754
5149.66472473056
5150
5150
5147.72113797456
5148.02194387805
5145.95484998544
5139.58685309253
5134.72074958734
5150
5149.62355568502
0.05858262032553
-0.65032112795417
5150
5148.29099912613
5148.9541703078
5148.17166715215
5150
5147.13748907661
5144.90979706768
0.785369859382971
5139.09379551413
5138.43936304496
5090.2975046121
3627.74890766094
4759.6337508496
5064.71074861637
5061.04447033693
5103.54888824158
5067.54277114283
5145.87998834838
5121.15933585785
5126.49878628993
4199.70608796971
4231.7587144383
4555.77133702301
5046.41829303816
5089.04660646665
5073.20613651811
5149.21332168172
5149.44043110982
5136.77706573454
3225.47723079911
3846.0300029129
-9.52475980021361
4748.37780367026
4787.57345373337
4909.87736673463
-9.69138621884649
5063.18594038256
5130.74949024177
5148.26371492378
0.824756022407638
5123.90931158365
